%YAML:1.0
---
camera_matrix: !!opencv-matrix
   rows: 3
   cols: 3
   dt: d
   data: [ 9.6391237122555208e+02, 0., 6.3705464640108255e+02, 0.,
       9.6402266293060200e+02, 3.7681328671571862e+02, 0., 0., 1. ]
dist_coeff: !!opencv-matrix
   rows: 1
   cols: 5
   dt: d
   data: [ -3.9353147391394283e-02, 3.4185879659645951e-01,
       5.9903407995400742e-04, 9.1534289874762600e-04,
       -7.1019423110797308e-01 ]
